1769453067220 0.7993156741655881 0
1769453400301 0.4297689215201347 1
1769453735437 0.3295028691193951 2
1769454068513 0.27525130497171213 3
1769454401852 0.24371580768895534 4
1769454735044 0.21685232960188122 5
1769455067337 0.19651648527317084 6
1769455399883 0.17739543366704635 7
1769455733074 0.17994007670705148 8
1769456066501 0.15827854587441653 9
1769456398004 0.14896862877796946 10
1769456729313 0.14365124001413287 11
1769457060563 0.09095491553119277 12
1769457394364 0.07584975466835289 13
1769457727581 0.06986908361591418 14
1769458060867 0.0674972178360021 15
1769458395696 0.06138062054541574 16
1769458728543 0.06469344515532988 17
1769459060365 0.058261094628618934 18
1769459394090 0.05805242178725329 19
1769459726470 0.054073202532347736 20
1769460060035 0.04916524780685846 21
1769460394297 0.05332282774610241 22
1769460728561 0.03968468952888683 23
1769461059855 0.02970198016743748 24
1769461391242 0.02830498204702646 25
