1769453067222 0.7129562597365426 0
1769453400303 0.8453298492444425 1
1769453735439 0.8821625030419114 2
1769454068515 0.9038956881151142 3
1769454401853 0.9150443399732051 4
1769454735046 0.9224211246041106 5
1769455067339 0.9289005255198622 6
1769455399885 0.9377454806478172 7
1769455733075 0.9359699203788842 8
1769456066503 0.9458911292884263 9
1769456398005 0.9476683762923424 10
1769456729314 0.9487783827522177 11
1769457060564 0.9684815194089859 12
1769457394365 0.9735896371490965 13
1769457727583 0.9764259954948359 14
1769458060868 0.9767258646963977 15
1769458395697 0.9800326916307053 16
1769458728544 0.9784596823378923 17
1769459060367 0.9808875215348861 18
1769459394091 0.9807978055767904 19
1769459726472 0.9818543999971463 20
1769460060037 0.9839937647944191 21
1769460394299 0.9819892388083725 22
1769460728563 0.9866167131568265 23
1769461059856 0.9896335815990661 24
1769461391243 0.9910077824583032 25
